0.0, 0.0, 0.0, 0.0, 0.0, 0.0
0.007583940867334604, 0.003518403973430395, 0.0009050184162333608, 0.0222686305642128, -0.0265822596848011, 0.7171525955200195
0.00918864831328392, 0.010430487804114819, 0.01258548442274332, 0.03341499716043472, -0.05069267004728317, 1.6661503314971924
0.010027972050011158, 0.023160193115472794, 0.025581825524568558, 0.03907820209860802, -0.06865383684635162, 2.7215092182159424
0.015068409033119678, 0.03415310010313988, 0.04200959950685501, 0.043466221541166306, -0.08095314353704453, 3.8365325927734375
0.01351916417479515, 0.04542598873376846, 0.06165120750665665, 0.05011329427361488, -0.08961153030395508, 4.982810974121094
0.01148080825805664, 0.05961389094591141, 0.08112242817878723, 0.0703083872795105, -0.10017094016075134, 6.130749225616455
0.014631271362304688, 0.07374771684408188, 0.09639798849821091, 0.09019377082586288, -0.10808956623077393, 7.280483245849609
0.018513917922973633, 0.08869196474552155, 0.10979761183261871, 0.1159006729722023, -0.1091328114271164, 8.429788589477539
0.019565343856811523, 0.0973425954580307, 0.12297424674034119, 0.14787963032722473, -0.11352074146270752, 9.581969261169434
0.0218350887298584, 0.10283852368593216, 0.13489103317260742, 0.18004733324050903, -0.11232057213783264, 10.736178398132324
0.023843050003051758, 0.10790421813726425, 0.14781048893928528, 0.21243740618228912, -0.11295618116855621, 11.888291358947754
0.02581048011779785, 0.11469219624996185, 0.15844380855560303, 0.24266618490219116, -0.110736183822155, 13.043288230895996
0.025650978088378906, 0.12302492558956146, 0.1706085354089737, 0.27469104528427124, -0.11090541630983353, 14.193835258483887
0.026006460189819336, 0.13306652009487152, 0.18622195720672607, 0.3052716553211212, -0.11436015367507935, 15.345002174377441
0.025280237197875977, 0.14002501964569092, 0.19809523224830627, 0.3340243697166443, -0.12063442915678024, 16.500730514526367
0.021986961364746094, 0.14563262462615967, 0.2076461911201477, 0.3645370304584503, -0.12084943056106567, 17.648826599121094
0.0178525447845459, 0.14942793548107147, 0.21695682406425476, 0.39180731773376465, -0.11780272424221039, 18.803125381469727
0.010419130325317383, 0.15299445390701294, 0.22839026153087616, 0.41321176290512085, -0.1161775141954422, 19.956295013427734
0.0026133060455322266, 0.16135330498218536, 0.23573161661624908, 0.42400068044662476, -0.12180723994970322, 21.110000610351562
-0.005383014678955078, 0.17468051612377167, 0.2427600473165512, 0.4288685917854309, -0.13453705608844757, 22.26308250427246
-0.011553764343261719, 0.18192090094089508, 0.2543993890285492, 0.4227299094200134, -0.14810550212860107, 23.413074493408203
-0.017787456512451172, 0.18646912276744843, 0.2614767551422119, 0.4046459496021271, -0.16155268251895905, 24.560949325561523
-0.027956008911132812, 0.19271144270896912, 0.269106388092041, 0.3789531886577606, -0.1760074347257614, 25.713199615478516
-0.039763689041137695, 0.1977272927761078, 0.27636292576789856, 0.3463544249534607, -0.18809133768081665, 26.86576271057129
-0.05304861068725586, 0.20719367265701294, 0.2825033664703369, 0.30182376503944397, -0.1997712254524231, 28.021284103393555
-0.06502389907836914, 0.21936066448688507, 0.29068079590797424, 0.2421257197856903, -0.2123463898897171, 29.179346084594727
-0.0778810977935791, 0.23468156158924103, 0.2971758246421814, 0.16950102150440216, -0.22912003099918365, 30.33975601196289
-0.09216713905334473, 0.25323018431663513, 0.3037315011024475, 0.08651389181613922, -0.2417593151330948, 31.498146057128906
-0.10179018974304199, 0.27533289790153503, 0.3138233721256256, -0.010493211448192596, -0.25775811076164246, 32.653934478759766
-0.11360788345336914, 0.29723650217056274, 0.32536780834198, -0.11553642898797989, -0.27702414989471436, 33.80986022949219
-0.12626433372497559, 0.3209327757358551, 0.33944258093833923, -0.23786839842796326, -0.29463332891464233, 34.96113586425781
-0.13976836204528809, 0.3447566628456116, 0.3560144603252411, -0.3769379258155823, -0.307197242975235, 36.11043167114258
-0.15326857566833496, 0.3665063679218292, 0.37109795212745667, -0.5333667397499084, -0.32089948654174805, 37.25553894042969
-0.16596150398254395, 0.3888266682624817, 0.3864394426345825, -0.7084430456161499, -0.33567014336586, 38.40559005737305
-0.17898941040039062, 0.41224679350852966, 0.39927253127098083, -0.8991006016731262, -0.35115423798561096, 39.55733108520508
-0.1926267147064209, 0.4335162341594696, 0.41030529141426086, -1.1065651178359985, -0.365068256855011, 40.707027435302734
-0.20550155639648438, 0.45372554659843445, 0.42073681950569153, -1.3329912424087524, -0.3765564560890198, 41.852630615234375
-0.21758508682250977, 0.4760623574256897, 0.4314635396003723, -1.5740162134170532, -0.38367751240730286, 42.9885368347168
-0.2298727035522461, 0.4960182309150696, 0.440725177526474, -1.8305144309997559, -0.38849693536758423, 44.12253952026367
-0.2414870262145996, 0.5117784142494202, 0.44839876890182495, -2.1013174057006836, -0.39412298798561096, 45.25411605834961
-0.25029611587524414, 0.527050793170929, 0.4583629369735718, -2.384762763977051, -0.3977065086364746, 46.383731842041016
-0.25896644592285156, 0.5473458766937256, 0.46841534972190857, -2.6778669357299805, -0.406444251537323, 47.50305938720703
-0.2683291435241699, 0.5650798082351685, 0.47491100430488586, -2.984415054321289, -0.41609734296798706, 48.61790466308594
-0.27717089653015137, 0.5796336531639099, 0.4850901961326599, -3.2971668243408203, -0.42355936765670776, 49.727882385253906
-0.28458666801452637, 0.5941781997680664, 0.49596264958381653, -3.6175436973571777, -0.4364658296108246, 50.83296203613281
-0.2924213409423828, 0.6089635491371155, 0.5054944753646851, -3.9442176818847656, -0.44611793756484985, 51.934722900390625
-0.30286145210266113, 0.6235121488571167, 0.5152612924575806, -4.276619911193848, -0.4512656331062317, 53.03246307373047
-0.3116583824157715, 0.636680543422699, 0.5241891145706177, -4.6157097816467285, -0.4542463421821594, 54.12333297729492
-0.3210470676422119, 0.6522164344787598, 0.5310894846916199, -4.967876434326172, -0.45443958044052124, 55.21323776245117
-0.3322124481201172, 0.6714329719543457, 0.5399962663650513, -5.330723762512207, -0.4644830524921417, 56.30168533325195
-0.34604954719543457, 0.690285325050354, 0.5476409196853638, -5.705143928527832, -0.4735329747200012, 57.381351470947266
-0.3654465675354004, 0.7099901437759399, 0.5562313199043274, -6.087337970733643, -0.4827286899089813, 58.4517936706543
-0.38335633277893066, 0.7277450561523438, 0.5661540627479553, -6.486733913421631, -0.48933982849121094, 59.51580047607422
-0.40006160736083984, 0.7424485087394714, 0.5779266357421875, -6.906869411468506, -0.49325284361839294, 60.58037567138672
-0.41406846046447754, 0.7576080560684204, 0.5884318947792053, -7.340664863586426, -0.5015603303909302, 61.64240264892578
-0.4298970699310303, 0.775641918182373, 0.5999966263771057, -7.7939629554748535, -0.5155289173126221, 62.70122146606445
-0.4450645446777344, 0.7936528921127319, 0.6154540181159973, -8.26672077178955, -0.5314511060714722, 63.751075744628906
-0.4598264694213867, 0.8119088411331177, 0.6302580237388611, -8.755546569824219, -0.5496015548706055, 64.78947448730469
-0.4748191833496094, 0.8294258117675781, 0.6490782499313354, -9.258267402648926, -0.5626543760299683, 65.81548309326172
-0.4904658794403076, 0.8472675085067749, 0.6647141575813293, -9.77259635925293, -0.5748748183250427, 66.83125305175781
-0.5050139427185059, 0.8642626404762268, 0.6779010891914368, -10.298195838928223, -0.5799307227134705, 67.8391342163086
-0.5169370174407959, 0.8803372979164124, 0.6885424256324768, -10.841864585876465, -0.5855064392089844, 68.84025573730469
-0.5301940441131592, 0.8951008915901184, 0.703216552734375, -11.397317886352539, -0.592896044254303, 69.8349380493164
-0.5432078838348389, 0.9087302684783936, 0.7186288237571716, -11.969404220581055, -0.603337287902832, 70.82298278808594
-0.5567886829376221, 0.9247839450836182, 0.7350497245788574, -12.552996635437012, -0.617931604385376, 71.80042266845703
-0.5726151466369629, 0.9424774050712585, 0.7517445087432861, -13.152396202087402, -0.6249802708625793, 72.7720718383789
-0.5913357734680176, 0.9602513313293457, 0.7632611393928528, -13.766700744628906, -0.630691647529602, 73.73426818847656
-0.6104147434234619, 0.9790353775024414, 0.769996166229248, -14.40041446685791, -0.6392101645469666, 74.68193054199219
-0.6285126209259033, 0.9993157386779785, 0.7792338132858276, -15.049842834472656, -0.6457330584526062, 75.61844635009766
-0.6431987285614014, 1.0188922882080078, 0.7943627834320068, -15.716392517089844, -0.6562247276306152, 76.54900360107422
-0.655116081237793, 1.037205696105957, 0.8081629276275635, -16.391708374023438, -0.6616600155830383, 77.47274017333984
-0.6650755405426025, 1.052900791168213, 0.8247293829917908, -17.0865421295166, -0.6771108508110046, 78.38560485839844
-0.67580246925354, 1.0694475173950195, 0.8415652513504028, -17.79720115661621, -0.6873289346694946, 79.29270935058594
-0.6884572505950928, 1.08198881149292, 0.8571817874908447, -18.524761199951172, -0.7011523246765137, 80.1881103515625
-0.7009811401367188, 1.0900790691375732, 0.8677835464477539, -19.26581573486328, -0.7159540057182312, 81.07386016845703
-0.7161393165588379, 1.1023930311203003, 0.8801402449607849, -20.0212459564209, -0.7288124561309814, 81.9497299194336
-0.7345271110534668, 1.1188511848449707, 0.8922922015190125, -20.785221099853516, -0.7363618016242981, 82.81710052490234
-0.7513558864593506, 1.136681079864502, 0.9067143797874451, -21.561532974243164, -0.7459800243377686, 83.67009735107422
-0.7654588222503662, 1.1500412225723267, 0.9199597835540771, -22.34589195251465, -0.7517825961112976, 84.50457763671875
-0.7822234630584717, 1.16390860080719, 0.9318233728408813, -23.14388656616211, -0.7535070776939392, 85.33357238769531
-0.7961623668670654, 1.18009352684021, 0.9437700510025024, -23.951078414916992, -0.7523209452629089, 86.14810180664062
-0.8097727298736572, 1.1945552825927734, 0.9567190408706665, -24.772241592407227, -0.7539536356925964, 86.95205688476562
-0.8237206935882568, 1.2093636989593506, 0.9675894975662231, -25.601930618286133, -0.7547292709350586, 87.74252319335938
-0.8371016979217529, 1.2258915901184082, 0.9739812612533569, -26.438940048217773, -0.7605988383293152, 88.51622009277344
-0.8511996269226074, 1.2411909103393555, 0.9803345799446106, -27.28473663330078, -0.7642763257026672, 89.27628326416016
-0.8640756607055664, 1.2569512128829956, 0.9878391027450562, -28.140342712402344, -0.7705288529396057, 90.02265167236328
-0.8775908946990967, 1.2742671966552734, 0.9978986978530884, -29.007614135742188, -0.7774699926376343, 90.75917053222656
-0.890357255935669, 1.2907955646514893, 1.0089224576950073, -29.88694190979004, -0.7864286303520203, 91.49185943603516
-0.9050774574279785, 1.3048542737960815, 1.0205587148666382, -30.77977180480957, -0.7908799052238464, 92.2161865234375
-0.9177072048187256, 1.3186028003692627, 1.0298082828521729, -31.684146881103516, -0.7894471883773804, 92.92523193359375
-0.9313046932220459, 1.3332656621932983, 1.0422145128250122, -32.596221923828125, -0.7873714566230774, 93.62151336669922
-0.94435715675354, 1.3514506816864014, 1.0553420782089233, -33.52006530761719, -0.7878139615058899, 94.30270385742188
-0.9596822261810303, 1.3706212043762207, 1.0669547319412231, -34.45262145996094, -0.7909185886383057, 94.97016143798828
-0.9734582901000977, 1.3884735107421875, 1.0791009664535522, -35.389869689941406, -0.7920059561729431, 95.62467193603516
-0.987229585647583, 1.4062803983688354, 1.091399908065796, -36.33515548706055, -0.7980555891990662, 96.26335144042969
-0.9982287883758545, 1.4265239238739014, 1.1036875247955322, -37.28909683227539, -0.8095957636833191, 96.887451171875
-1.0095276832580566, 1.4462027549743652, 1.1110455989837646, -38.25398635864258, -0.8214985728263855, 97.50350189208984
-1.0243468284606934, 1.4638583660125732, 1.1178419589996338, -39.230552673339844, -0.8280543088912964, 98.10702514648438
-1.0363690853118896, 1.484041452407837, 1.124861717224121, -40.21501541137695, -0.8348917365074158, 98.69562530517578
-1.046241044998169, 1.5030077695846558, 1.1380798816680908, -41.20230484008789, -0.8385881781578064, 99.2838363647461
-1.0530383586883545, 1.5243995189666748, 1.1496118307113647, -42.195735931396484, -0.8362043499946594, 99.86920166015625
-1.0551049709320068, 1.5454967021942139, 1.1611137390136719, -43.18397903442383, -0.8342589735984802, 100.45093536376953
-1.0586225986480713, 1.5681488513946533, 1.1735392808914185, -44.17560958862305, -0.834595799446106, 101.03416442871094
-1.0625724792480469, 1.5921509265899658, 1.1851328611373901, -45.169090270996094, -0.8271615505218506, 101.613037109375
-1.0738599300384521, 1.6175535917282104, 1.1939380168914795, -46.16567611694336, -0.8211021423339844, 102.18468475341797
-1.086087703704834, 1.645524501800537, 1.2013534307479858, -47.17464065551758, -0.8198024034500122, 102.74310302734375
-1.0958378314971924, 1.675520420074463, 1.2101705074310303, -48.18770980834961, -0.8282268047332764, 103.28955078125
-1.1090092658996582, 1.7059509754180908, 1.2201906442642212, -49.20866012573242, -0.8355907201766968, 103.82596588134766
-1.1221284866333008, 1.7372181415557861, 1.2286970615386963, -50.23756408691406, -0.8474279046058655, 104.34818267822266
-1.1368041038513184, 1.7606898546218872, 1.2359817028045654, -51.27871322631836, -0.8584229350090027, 104.85395812988281
-1.1531654596328735, 1.7885193824768066, 1.2444461584091187, -52.330379486083984, -0.870341956615448, 105.34394073486328
-1.165198802947998, 1.8144330978393555, 1.2585194110870361, -53.38311004638672, -0.8731822371482849, 105.81877899169922
-1.176746129989624, 1.841112494468689, 1.272698998451233, -54.44352340698242, -0.8746699690818787, 106.27800750732422
-1.1848403215408325, 1.8674720525741577, 1.290732741355896, -55.507259368896484, -0.8726862668991089, 106.7303237915039
-1.1864039897918701, 1.893733024597168, 1.3059141635894775, -56.57240295410156, -0.8722133040428162, 107.17314147949219
-1.188579797744751, 1.9157543182373047, 1.3167048692703247, -57.63993835449219, -0.8769221305847168, 107.61380004882812
-1.1904231309890747, 1.9380197525024414, 1.3282968997955322, -58.70983123779297, -0.8777243494987488, 108.04638671875
-1.1913776397705078, 1.9559847116470337, 1.3340898752212524, -59.778465270996094, -0.8798775672912598, 108.4769058227539
-1.1959329843521118, 1.9723228216171265, 1.347115397453308, -60.84870147705078, -0.8828918933868408, 108.90962219238281
-1.2024728059768677, 1.9883114099502563, 1.3586479425430298, -61.91628646850586, -0.887417197227478, 109.33389282226562
-1.2110246419906616, 2.005309820175171, 1.3743853569030762, -62.982879638671875, -0.8910969495773315, 109.75308227539062
-1.2212082147598267, 2.0213685035705566, 1.389365553855896, -64.05493927001953, -0.8968192338943481, 110.16728973388672
-1.233852505683899, 2.037750482559204, 1.4041043519973755, -65.12958526611328, -0.9062891006469727, 110.57234954833984
-1.248457908630371, 2.0516717433929443, 1.4180307388305664, -66.20711517333984, -0.9166094064712524, 110.96251678466797
-1.2625384330749512, 2.0702340602874756, 1.4285190105438232, -67.29208374023438, -0.928534209728241, 111.33494567871094
-1.2764086723327637, 2.0880067348480225, 1.4382797479629517, -68.37830352783203, -0.9360198378562927, 111.68869018554688
-1.2918998003005981, 2.1069858074188232, 1.4460734128952026, -69.46442413330078, -0.9416470527648926, 112.0235595703125
-1.3042515516281128, 2.12459397315979, 1.454608678817749, -70.5572509765625, -0.9480281472206116, 112.33794403076172
-1.316688060760498, 2.1450507640838623, 1.4639285802841187, -71.65177917480469, -0.9537826776504517, 112.64096069335938
-1.3300451040267944, 2.1694459915161133, 1.4725921154022217, -72.74668884277344, -0.9642948508262634, 112.93236541748047
-1.3413597345352173, 2.189892053604126, 1.4808481931686401, -73.84422302246094, -0.9762242436408997, 113.21478271484375
-1.3549679517745972, 2.2101595401763916, 1.4871059656143188, -74.94114685058594, -0.9885032176971436, 113.48574829101562
-1.370712161064148, 2.229342460632324, 1.4924001693725586, -76.04058074951172, -0.9992106556892395, 113.7412109375
-1.387073278427124, 2.2531139850616455, 1.4960249662399292, -77.13948822021484, -1.0137169361114502, 113.982177734375
-1.4038580656051636, 2.278858184814453, 1.500614881515503, -78.24395751953125, -1.027671217918396, 114.2073745727539
-1.4201617240905762, 2.30491304397583, 1.5031101703643799, -79.34913635253906, -1.0392801761627197, 114.4172592163086
-1.4404550790786743, 2.3306291103363037, 1.5081850290298462, -80.46166229248047, -1.0504047870635986, 114.61144256591797
-1.4606900215148926, 2.357154369354248, 1.516223669052124, -81.57867431640625, -1.065367579460144, 114.77892303466797
-1.480334758758545, 2.3835866451263428, 1.5253452062606812, -82.70171356201172, -1.0813474655151367, 114.92400360107422
-1.4986754655838013, 2.4065263271331787, 1.5361303091049194, -83.82305908203125, -1.0950783491134644, 115.04609680175781
-1.5163801908493042, 2.4303269386291504, 1.5501607656478882, -84.94956970214844, -1.1069369316101074, 115.14705657958984
-1.5302404165267944, 2.452626943588257, 1.5589513778686523, -86.07630920410156, -1.1158394813537598, 115.23011779785156
-1.5462337732315063, 2.476875066757202, 1.568683385848999, -87.20471954345703, -1.1239880323410034, 115.29287719726562
-1.563177227973938, 2.502322196960449, 1.5817911624908447, -88.33312225341797, -1.1338227987289429, 115.3292465209961
-1.579499363899231, 2.5286409854888916, 1.5969682931900024, -89.46712493896484, -1.1470139026641846, 115.34493255615234
-1.5966453552246094, 2.551943063735962, 1.6103891134262085, -90.60164642333984, -1.1619046926498413, 115.33932495117188
-1.610081672668457, 2.5727672576904297, 1.620911955833435, -91.7324447631836, -1.171329379081726, 115.31855773925781
-1.6240503787994385, 2.5920684337615967, 1.6290662288665771, -92.86541748046875, -1.1817153692245483, 115.28250122070312
-1.6402844190597534, 2.609097719192505, 1.636453628540039, -94.00857543945312, -1.1974092721939087, 115.22779083251953
-1.657136082649231, 2.629041910171509, 1.6460256576538086, -95.14569854736328, -1.2090290784835815, 115.15664672851562
-1.6723169088363647, 2.64980411529541, 1.6584324836730957, -96.27989959716797, -1.22416353225708, 115.06537628173828
-1.6884362697601318, 2.6671741008758545, 1.6730756759643555, -97.40996551513672, -1.23766028881073, 114.95729064941406
-1.7016745805740356, 2.6864030361175537, 1.688777208328247, -98.54582977294922, -1.2478952407836914, 114.82514953613281
-1.7136367559432983, 2.704089879989624, 1.7009153366088867, -99.6740493774414, -1.252447485923767, 114.67424011230469
-1.7255096435546875, 2.720653772354126, 1.7188947200775146, -100.80266571044922, -1.2617816925048828, 114.51206970214844
-1.7393982410430908, 2.739712715148926, 1.7361700534820557, -101.9317626953125, -1.2719537019729614, 114.33888244628906
-1.7517350912094116, 2.757432222366333, 1.751338005065918, -103.0593490600586, -1.2820370197296143, 114.15620422363281
-1.7631773948669434, 2.7727572917938232, 1.7676331996917725, -104.18310546875, -1.2987630367279053, 113.95950317382812
-1.7722781896591187, 2.7875330448150635, 1.7866694927215576, -105.30196380615234, -1.3204569816589355, 113.7530746459961
-1.7816460132598877, 2.8024535179138184, 1.805055856704712, -106.42310333251953, -1.3436576128005981, 113.53431701660156
-1.790709376335144, 2.819047212600708, 1.8246725797653198, -107.54545593261719, -1.367969274520874, 113.3000717163086
-1.7981330156326294, 2.8365042209625244, 1.8446184396743774, -108.66044616699219, -1.3875653743743896, 113.05266571044922
-1.8066908121109009, 2.8515403270721436, 1.8655744791030884, -109.77030944824219, -1.404484748840332, 112.79991912841797
-1.816059947013855, 2.8688244819641113, 1.884519338607788, -110.87528228759766, -1.4186290502548218, 112.53860473632812
-1.8239796161651611, 2.8822264671325684, 1.9015578031539917, -111.97337341308594, -1.435686707496643, 112.26441192626953
-1.8335846662521362, 2.8933756351470947, 1.919686198234558, -113.06709289550781, -1.452354073524475, 111.9853744506836
-1.8417167663574219, 2.9086949825286865, 1.9352588653564453, -114.16282653808594, -1.469438910484314, 111.697998046875
-1.8485466241836548, 2.9263720512390137, 1.949853777885437, -115.26229858398438, -1.4877400398254395, 111.40176391601562
-1.8541321754455566, 2.9447498321533203, 1.968581199645996, -116.36273193359375, -1.501333475112915, 111.09941864013672
-1.858716368675232, 2.9627346992492676, 1.9902100563049316, -117.45887756347656, -1.5195225477218628, 110.7967529296875
-1.864951491355896, 2.9813642501831055, 2.010424852371216, -118.5510025024414, -1.534295678138733, 110.49061584472656
-1.8725144863128662, 3.0000784397125244, 2.028169870376587, -119.6363296508789, -1.5463322401046753, 110.17520141601562
-1.8802576065063477, 3.0175681114196777, 2.0463638305664062, -120.7186279296875, -1.5535264015197754, 109.85468292236328
-1.888444185256958, 3.0381131172180176, 2.0643157958984375, -121.7988510131836, -1.5631325244903564, 109.52519226074219
-1.895079255104065, 3.0585362911224365, 2.0821046829223633, -122.8807373046875, -1.577448844909668, 109.18060302734375
-1.901411771774292, 3.079176664352417, 2.0986814498901367, -123.95643615722656, -1.5901826620101929, 108.82676696777344
-1.9078999757766724, 3.099909782409668, 2.1182901859283447, -125.03005981445312, -1.6056417226791382, 108.46575164794922
-1.918509602546692, 3.121011734008789, 2.1417486667633057, -126.101318359375, -1.6177504062652588, 108.10121154785156
-1.9297420978546143, 3.140212297439575, 2.1634538173675537, -127.1705093383789, -1.6278765201568604, 107.72760009765625
-1.9383996725082397, 3.1631903648376465, 2.1798815727233887, -128.23141479492188, -1.6397829055786133, 107.34233093261719
-1.9493191242218018, 3.183180093765259, 2.194786548614502, -129.28904724121094, -1.6479991674423218, 106.94989776611328
-1.959716558456421, 3.205388069152832, 2.208454132080078, -130.34417724609375, -1.6553055047988892, 106.54920196533203
-1.9688105583190918, 3.2274160385131836, 2.2235586643218994, -131.39617919921875, -1.665276288986206, 106.13214111328125
-1.9785237312316895, 3.2493090629577637, 2.2337987422943115, -132.44264221191406, -1.6768276691436768, 105.70755004882812
-1.9864970445632935, 3.2708888053894043, 2.242755174636841, -133.48092651367188, -1.6899999380111694, 105.2779541015625
-1.9947659969329834, 3.2905876636505127, 2.252035617828369, -134.5088348388672, -1.7017449140548706, 104.84222412109375
-2.0013206005096436, 3.313295841217041, 2.2586517333984375, -135.52967834472656, -1.7136565446853638, 104.39769744873047
-2.0062084197998047, 3.3410470485687256, 2.2662456035614014, -136.547607421875, -1.7256829738616943, 103.94586181640625
-2.013885021209717, 3.3680496215820312, 2.2739808559417725, -137.56591796875, -1.7321040630340576, 103.49262237548828
-2.022794485092163, 3.3902931213378906, 2.282240390777588, -138.57638549804688, -1.7341657876968384, 103.03646850585938
-2.031470537185669, 3.412332534790039, 2.290708541870117, -139.5821990966797, -1.7365820407867432, 102.57376098632812
-2.0410704612731934, 3.431363105773926, 2.2991137504577637, -140.58694458007812, -1.7361558675765991, 102.10383605957031
-2.0458879470825195, 3.448868751525879, 2.305763006210327, -141.5823516845703, -1.734620451927185, 101.62541198730469
-2.0503129959106445, 3.4639694690704346, 2.311082363128662, -142.57086181640625, -1.7361088991165161, 101.14356231689453
-2.055185556411743, 3.4786691665649414, 2.3182172775268555, -143.5626220703125, -1.74193274974823, 100.65544891357422
-2.0585877895355225, 3.491637706756592, 2.3237414360046387, -144.55874633789062, -1.7463072538375854, 100.16427612304688
-2.062059164047241, 3.510061264038086, 2.3323075771331787, -145.56210327148438, -1.7508853673934937, 99.6627426147461
-2.0656235218048096, 3.5301263332366943, 2.3412139415740967, -146.56065368652344, -1.7550384998321533, 99.15956115722656
-2.070094108581543, 3.549574851989746, 2.3508217334747314, -147.55923461914062, -1.758633017539978, 98.65576934814453
-2.0765480995178223, 3.5682098865509033, 2.3586690425872803, -148.5544891357422, -1.7599302530288696, 98.14368438720703
-2.0874547958374023, 3.5852322578430176, 2.3702380657196045, -149.54884338378906, -1.76322340965271, 97.616943359375
-2.0991458892822266, 3.6014628410339355, 2.3805694580078125, -150.5399169921875, -1.7665258646011353, 97.0796890258789
-2.107329845428467, 3.620272159576416, 2.3938519954681396, -151.52626037597656, -1.7692211866378784, 96.53013610839844
-2.117093563079834, 3.642329454421997, 2.407520055770874, -152.5084991455078, -1.7675797939300537, 95.9728012084961
-2.1294758319854736, 3.6619083881378174, 2.4228498935699463, -153.48353576660156, -1.7635438442230225, 95.40440368652344
-2.1414740085601807, 3.6832690238952637, 2.4365663528442383, -154.44876098632812, -1.7689480781555176, 94.82366943359375
-2.1535840034484863, 3.705996513366699, 2.4483911991119385, -155.406005859375, -1.7771942615509033, 94.23326873779297
-2.164734363555908, 3.7251927852630615, 2.459153175354004, -156.35072326660156, -1.786784052848816, 93.6313247680664
-2.1749989986419678, 3.746042251586914, 2.47098970413208, -157.2854766845703, -1.7966523170471191, 93.01802825927734
-2.189453125, 3.769010305404663, 2.4806864261627197, -158.21209716796875, -1.8012733459472656, 92.39372253417969
-2.201402425765991, 3.7938780784606934, 2.4863977432250977, -159.1356201171875, -1.8059065341949463, 91.75602722167969
-2.214120388031006, 3.817047595977783, 2.492893934249878, -160.05699157714844, -1.8102881908416748, 91.10701751708984
-2.2259750366210938, 3.840355634689331, 2.500389814376831, -160.9731903076172, -1.8173023462295532, 90.44073486328125
-2.2372093200683594, 3.8660292625427246, 2.5055465698242188, -161.87960815429688, -1.8216309547424316, 89.76231384277344
-2.2480783462524414, 3.8887319564819336, 2.511192560195923, -162.77304077148438, -1.827578067779541, 89.07274627685547
-2.2590129375457764, 3.909626007080078, 2.514096975326538, -163.65902709960938, -1.8297971487045288, 88.38009643554688
-2.269296646118164, 3.927182197570801, 2.5173799991607666, -164.54458618164062, -1.829925537109375, 87.67559814453125
-2.2762598991394043, 3.94305419921875, 2.5196919441223145, -165.4237823486328, -1.8300925493240356, 86.95414733886719
-2.286646842956543, 3.9585938453674316, 2.5225908756256104, -166.29855346679688, -1.8297762870788574, 86.22109985351562
-2.2957284450531006, 3.9754912853240967, 2.5264456272125244, -167.1693115234375, -1.8232158422470093, 85.47450256347656
-2.309628486633301, 3.9895718097686768, 2.5343616008758545, -168.03233337402344, -1.8198944330215454, 84.718017578125
-2.3200297355651855, 4.002186298370361, 2.5452516078948975, -168.8782958984375, -1.8221399784088135, 83.9505844116211
-2.327183961868286, 4.0098042488098145, 2.5579285621643066, -169.7142333984375, -1.8249326944351196, 83.16996765136719
-2.3332512378692627, 4.009957790374756, 2.5735814571380615, -170.54737854003906, -1.8229947090148926, 82.38373565673828
-2.337536096572876, 4.012178897857666, 2.590564727783203, -171.3816680908203, -1.8231099843978882, 81.5843734741211
-2.3427014350891113, 4.011324882507324, 2.6070806980133057, -172.21038818359375, -1.8232709169387817, 80.78108978271484
-2.3468425273895264, 4.013443470001221, 2.6262097358703613, -173.0362548828125, -1.820885181427002, 79.98280334472656
-2.3515546321868896, 4.021050930023193, 2.6443862915039062, -173.85816955566406, -1.8216700553894043, 79.182373046875
-2.353966236114502, 4.032072067260742, 2.6620004177093506, -174.67811584472656, -1.8224523067474365, 78.37480926513672
-2.3560054302215576, 4.044936180114746, 2.67999005317688, -175.4985809326172, -1.827998161315918, 77.56598663330078
-2.3569939136505127, 4.059735298156738, 2.6949410438537598, -176.31326293945312, -1.8361544609069824, 76.74845886230469
-2.355992317199707, 4.067110538482666, 2.7089719772338867, -177.1327667236328, -1.851729393005371, 75.92510986328125
-2.35687518119812, 4.07066011428833, 2.7294626235961914, -177.95526123046875, -1.8679403066635132, 75.09382629394531
-2.3550055027008057, 4.070523738861084, 2.7523980140686035, -178.77369689941406, -1.8750656843185425, 74.26378631591797
-2.351895809173584, 4.072583198547363, 2.7704780101776123, -179.5962677001953, -1.882209300994873, 73.43290710449219
-2.348937749862671, 4.080570697784424, 2.791072368621826, -180.42266845703125, -1.8849095106124878, 72.60438537597656
-2.3545989990234375, 4.0877790451049805, 2.8139262199401855, -181.2509765625, -1.8853366374969482, 71.78124237060547
-2.3627431392669678, 4.094590187072754, 2.8337254524230957, -182.07443237304688, -1.883352279663086, 70.96495056152344
-2.370234489440918, 4.103394508361816, 2.855558395385742, -182.88815307617188, -1.8839647769927979, 70.1500473022461
-2.3758952617645264, 4.117163181304932, 2.87324595451355, -183.69467163085938, -1.888892650604248, 69.32910919189453
-2.3766872882843018, 4.128068923950195, 2.8898346424102783, -184.4953155517578, -1.9002834558486938, 68.5049057006836
-2.3831663131713867, 4.1354570388793945, 2.9034674167633057, -185.2959442138672, -1.9042251110076904, 67.67051696777344
-2.3948328495025635, 4.141697406768799, 2.917539358139038, -186.08836364746094, -1.9077212810516357, 66.8316650390625
-2.405618906021118, 4.1478753089904785, 2.938093423843384, -186.8673553466797, -1.9091854095458984, 65.9862060546875
-2.415243625640869, 4.153157711029053, 2.9584884643554688, -187.64248657226562, -1.9036104679107666, 65.14193725585938
-2.426649808883667, 4.158980369567871, 2.976361036300659, -188.4051971435547, -1.901239037513733, 64.2947769165039
-2.4371144771575928, 4.170644760131836, 2.992661714553833, -189.1583251953125, -1.9014195203781128, 63.44284439086914
-2.4471540451049805, 4.184831619262695, 3.007173538208008, -189.8997039794922, -1.9055426120758057, 62.5929069519043
-2.4553580284118652, 4.204943656921387, 3.0197219848632812, -190.6290283203125, -1.9136805534362793, 61.73463821411133
-2.4646499156951904, 4.2235798835754395, 3.0308587551116943, -191.35333251953125, -1.9210503101348877, 60.86526107788086
-2.4719340801239014, 4.235569477081299, 3.041626453399658, -192.06700134277344, -1.9294872283935547, 59.98850631713867
-2.4762909412384033, 4.248007297515869, 3.0563838481903076, -192.7757568359375, -1.9331612586975098, 59.104251861572266
-2.4828732013702393, 4.256850719451904, 3.068721294403076, -193.48342895507812, -1.934389591217041, 58.216835021972656
-2.483937978744507, 4.2686285972595215, 3.085043430328369, -194.190185546875, -1.9383206367492676, 57.31707763671875
-2.485363006591797, 4.280287742614746, 3.1020901203155518, -194.89129638671875, -1.9474680423736572, 56.41240310668945
-2.48710298538208, 4.296182632446289, 3.1204352378845215, -195.5910186767578, -1.9598606824874878, 55.511112213134766
-2.493783473968506, 4.310585021972656, 3.1418075561523438, -196.2930908203125, -1.9678475856781006, 54.60993194580078
-2.501896858215332, 4.323503494262695, 3.1607794761657715, -196.99331665039062, -1.9756828546524048, 53.69842529296875
-2.510000705718994, 4.33541202545166, 3.1774420738220215, -197.6803436279297, -1.9788717031478882, 52.797122955322266
-2.5229296684265137, 4.346031188964844, 3.1910934448242188, -198.3636016845703, -1.981653094291687, 51.887351989746094
-2.5324923992156982, 4.359587669372559, 3.2067105770111084, -199.03282165527344, -1.9803217649459839, 50.973575592041016
-2.5425350666046143, 4.374352931976318, 3.221099376678467, -199.69715881347656, -1.9808498620986938, 50.053348541259766
-2.553295135498047, 4.389346122741699, 3.2353780269622803, -200.35379028320312, -1.9879194498062134, 49.12250900268555
-2.5610554218292236, 4.4044623374938965, 3.2463555335998535, -200.9979248046875, -1.9950724840164185, 48.18335723876953
-2.5676536560058594, 4.41374397277832, 3.2576711177825928, -201.63839721679688, -1.9993213415145874, 47.24266815185547
-2.5739920139312744, 4.422280311584473, 3.2675416469573975, -202.26478576660156, -2.0072944164276123, 46.29436492919922
-2.5793938636779785, 4.428750038146973, 3.2785861492156982, -202.8850555419922, -2.0140156745910645, 45.354862213134766
-2.5890145301818848, 4.4393744468688965, 3.292170524597168, -203.50242614746094, -2.019073963165283, 44.41072463989258
-2.597007989883423, 4.454517364501953, 3.3045504093170166, -204.10693359375, -2.0275161266326904, 43.4575080871582
-2.607067108154297, 4.473894119262695, 3.315194845199585, -204.6985321044922, -2.039630651473999, 42.49730682373047
