0.0, 0.0, 0.0, 0.0, 0.0, 0.0
0.00343566806986928, 0.004992907401174307, -0.0031846933998167515, 0.018323704600334167, -0.023790951818227768, 0.7193796038627625
0.005594708025455475, 0.015122277662158012, -0.0009295674972236156, 0.0206673052161932, -0.040594205260276794, 1.6722092628479004
0.009285119362175465, 0.030201220884919167, 0.0024445296730846167, 0.012413019314408302, -0.052121154963970184, 2.7380948066711426
0.01335346419364214, 0.04767327010631561, 0.009498834609985352, 0.0044721439480781555, -0.05928180739283562, 3.8680973052978516
0.015659919008612633, 0.06945681571960449, 0.01663105934858322, -0.004937645047903061, -0.0694110095500946, 5.034674167633057
0.01657891273498535, 0.09081163257360458, 0.021178752183914185, -0.00039765099063515663, -0.07841348648071289, 6.201066970825195
0.016470670700073242, 0.1138603687286377, 0.02565811201930046, 0.00420702388510108, -0.0872795358300209, 7.371866703033447
0.019116878509521484, 0.13931715488433838, 0.031882889568805695, 0.007624254561960697, -0.09480822086334229, 8.54798412322998
0.021430253982543945, 0.16634076833724976, 0.03848983347415924, 0.01628412865102291, -0.09754665195941925, 9.7266206741333
0.027303457260131836, 0.19376300275325775, 0.045866698026657104, 0.02801201120018959, -0.09876197576522827, 10.905633926391602
0.033635854721069336, 0.21836310625076294, 0.05408899113535881, 0.04520390182733536, -0.0980878472328186, 12.084502220153809
0.04037213325500488, 0.24054992198944092, 0.06450342386960983, 0.06874619424343109, -0.09631426632404327, 13.262907028198242
0.04470324516296387, 0.2613361179828644, 0.07547104358673096, 0.1006351187825203, -0.0971786305308342, 14.438868522644043
0.048890113830566406, 0.27858394384384155, 0.0893390104174614, 0.13820046186447144, -0.10251142084598541, 15.609440803527832
0.052010297775268555, 0.2978718876838684, 0.1017853245139122, 0.18198208510875702, -0.1086173802614212, 16.77804183959961
0.055229902267456055, 0.31671151518821716, 0.11560993641614914, 0.23194876313209534, -0.1142851933836937, 17.951204299926758
0.059891700744628906, 0.3365790843963623, 0.1313074827194214, 0.28348127007484436, -0.12193819135427475, 19.124940872192383
0.06497049331665039, 0.3566593825817108, 0.14586640894412994, 0.3392060697078705, -0.1324898600578308, 20.299802780151367
0.07111358642578125, 0.37782612442970276, 0.15994660556316376, 0.4005717635154724, -0.14183874428272247, 21.47256088256836
0.07940220832824707, 0.3993191123008728, 0.17257128655910492, 0.47017496824264526, -0.15158095955848694, 22.643951416015625
0.08618664741516113, 0.4223485291004181, 0.18544043600559235, 0.5497089624404907, -0.15874294936656952, 23.812379837036133
0.09542679786682129, 0.44618502259254456, 0.1996537446975708, 0.638417661190033, -0.16523131728172302, 24.983478546142578
0.10510039329528809, 0.4702130854129791, 0.2167593538761139, 0.7415635585784912, -0.16872508823871613, 26.154006958007812
0.11493444442749023, 0.4977687895298004, 0.23557822406291962, 0.8595523238182068, -0.1726490557193756, 27.320600509643555
0.12508606910705566, 0.5268307328224182, 0.2548428177833557, 0.9893379807472229, -0.17984488606452942, 28.487966537475586
0.13413119316101074, 0.5544101595878601, 0.2736048102378845, 1.129220724105835, -0.18944235146045685, 29.653541564941406
0.1417677402496338, 0.5810922384262085, 0.29013174772262573, 1.277377724647522, -0.20043358206748962, 30.819244384765625
0.15015101432800293, 0.6066982746124268, 0.3051782250404358, 1.4333711862564087, -0.2125452756881714, 31.98232078552246
0.1607046127319336, 0.6309376358985901, 0.3217947483062744, 1.600294589996338, -0.2251463085412979, 33.145965576171875
0.17208051681518555, 0.6549733877182007, 0.3379271626472473, 1.780664086341858, -0.23942506313323975, 34.30913162231445
0.18345332145690918, 0.6786696314811707, 0.35454609990119934, 1.9729013442993164, -0.2540373206138611, 35.469573974609375
0.19366788864135742, 0.7015158534049988, 0.37040531635284424, 2.1793148517608643, -0.2680324614048004, 36.627540588378906
0.20373225212097168, 0.7237356305122375, 0.38651368021965027, 2.397040367126465, -0.2814899981021881, 37.78276824951172
0.21437668800354004, 0.7449456453323364, 0.40300264954566956, 2.626840353012085, -0.29484039545059204, 38.93525314331055
0.22478365898132324, 0.7654361724853516, 0.4191640019416809, 2.869795799255371, -0.307660311460495, 40.08437728881836
0.23524761199951172, 0.785865306854248, 0.4349350929260254, 3.1250157356262207, -0.320501446723938, 41.22986602783203
0.2463533878326416, 0.8052493333816528, 0.45013701915740967, 3.3927083015441895, -0.33228710293769836, 42.37153244018555
0.2587144374847412, 0.82415372133255, 0.464152991771698, 3.672563076019287, -0.34462639689445496, 43.51021194458008
0.2707688808441162, 0.842880368232727, 0.4781055152416229, 3.9637646675109863, -0.35638484358787537, 44.641746520996094
0.28359079360961914, 0.8622425198554993, 0.4921824634075165, 4.268930912017822, -0.366752952337265, 45.771156311035156
0.294661283493042, 0.8807275295257568, 0.5066407918930054, 4.586859703063965, -0.37517642974853516, 46.89609146118164
0.305344820022583, 0.9010493755340576, 0.5235497951507568, 4.918299674987793, -0.3874135911464691, 48.01544189453125
0.31529736518859863, 0.9210328459739685, 0.5367024540901184, 5.259350299835205, -0.395427405834198, 49.11878204345703
0.31569528579711914, 0.9397006034851074, 0.5515132546424866, 5.605610370635986, -0.4069681763648987, 50.211997985839844
0.3129618167877197, 0.9536198973655701, 0.563148021697998, 5.953769683837891, -0.4145795702934265, 51.2973518371582
0.3040463924407959, 0.9681819081306458, 0.5772018432617188, 6.306716442108154, -0.42106878757476807, 52.378055572509766
0.29103541374206543, 0.9794222116470337, 0.5900179743766785, 6.657904148101807, -0.4226069748401642, 53.457149505615234
0.2770979404449463, 0.9893420338630676, 0.6034632325172424, 7.001412868499756, -0.42896541953086853, 54.537193298339844
0.26257753372192383, 0.9994583129882812, 0.6148402690887451, 7.333771228790283, -0.43387603759765625, 55.61953353881836
0.24913406372070312, 1.0030804872512817, 0.6263681650161743, 7.653158664703369, -0.4312300980091095, 56.705528259277344
0.23487186431884766, 1.0050216913223267, 0.6387503147125244, 7.9596686363220215, -0.42770397663116455, 57.79304122924805
0.22394943237304688, 1.0079110860824585, 0.6504116654396057, 8.248123168945312, -0.42522066831588745, 58.88976287841797
0.2158064842224121, 1.009564757347107, 0.6626779437065125, 8.52676773071289, -0.4197978675365448, 59.994300842285156
0.2096850872039795, 1.0132163763046265, 0.6713215708732605, 8.795330047607422, -0.4119357168674469, 61.10182189941406
0.20341229438781738, 1.0173872709274292, 0.6799830794334412, 9.05504035949707, -0.4019704759120941, 62.219749450683594
0.19935941696166992, 1.0230791568756104, 0.6892967820167542, 9.298434257507324, -0.3898583948612213, 63.345481872558594
0.19758272171020508, 1.0333821773529053, 0.7027507424354553, 9.534368515014648, -0.382037490606308, 64.48118591308594
0.199570894241333, 1.048346996307373, 0.7139245271682739, 9.764925956726074, -0.3747952878475189, 65.61801147460938
0.20735383033752441, 1.0681427717208862, 0.7200583815574646, 9.988523483276367, -0.3742717206478119, 66.75516510009766
0.21681785583496094, 1.0909634828567505, 0.7268178462982178, 10.218152046203613, -0.37497174739837646, 67.89031219482422
0.2277674674987793, 1.1167759895324707, 0.734699010848999, 10.456132888793945, -0.37582534551620483, 69.02310180664062
0.23828911781311035, 1.1436372995376587, 0.741243839263916, 10.701939582824707, -0.38156065344810486, 70.14897918701172
0.24898719787597656, 1.1716029644012451, 0.7456309795379639, 10.956648826599121, -0.3873017430305481, 71.27324676513672
0.25866055488586426, 1.1990960836410522, 0.7506740689277649, 11.222124099731445, -0.3918662667274475, 72.39472198486328
0.2682211399078369, 1.2256462574005127, 0.7562323808670044, 11.498899459838867, -0.39516177773475647, 73.51210021972656
0.2784872055053711, 1.251641035079956, 0.7627818584442139, 11.787740707397461, -0.3984247148036957, 74.6246337890625
0.2895817756652832, 1.276734471321106, 0.770491898059845, 12.089997291564941, -0.40177828073501587, 75.73544311523438
0.3014216423034668, 1.3024283647537231, 0.7783594131469727, 12.404667854309082, -0.40513187646865845, 76.84318542480469
0.3137040138244629, 1.3278393745422363, 0.7858144044876099, 12.729626655578613, -0.4083685278892517, 77.9468002319336
0.3267056941986084, 1.3548905849456787, 0.7931660413742065, 13.068011283874512, -0.41294461488723755, 79.04611206054688
0.33780384063720703, 1.3820096254348755, 0.8023432493209839, 13.4234619140625, -0.41701751947402954, 80.14022827148438
0.34790754318237305, 1.4086167812347412, 0.8114520907402039, 13.78894329071045, -0.4197196066379547, 81.22926330566406
0.360088586807251, 1.4343822002410889, 0.8220202326774597, 14.167044639587402, -0.4240899384021759, 82.3171157836914
0.372295618057251, 1.460519552230835, 0.8336666822433472, 14.559401512145996, -0.42807066440582275, 83.40315246582031
0.38477158546447754, 1.4860055446624756, 0.8457725048065186, 14.965484619140625, -0.4313620626926422, 84.48379516601562
0.39734768867492676, 1.510939121246338, 0.8573502898216248, 15.385168075561523, -0.43635281920433044, 85.56153869628906
0.40908265113830566, 1.5355767011642456, 0.8691456913948059, 15.81873893737793, -0.44211748242378235, 86.63519287109375
0.4203965663909912, 1.559958815574646, 0.8815880417823792, 16.265899658203125, -0.44798266887664795, 87.70194244384766
0.43111443519592285, 1.5843501091003418, 0.893118679523468, 16.7246150970459, -0.45412206649780273, 88.7628402709961
0.44048357009887695, 1.6078217029571533, 0.9040853381156921, 17.195953369140625, -0.4603341817855835, 89.81900787353516
0.44976091384887695, 1.6325387954711914, 0.9149128794670105, 17.677040100097656, -0.4657091498374939, 90.86970520019531
0.45808911323547363, 1.658246636390686, 0.925869345664978, 18.166011810302734, -0.4715009927749634, 91.91290283203125
0.4663550853729248, 1.684593915939331, 0.9380466938018799, 18.663158416748047, -0.47948628664016724, 92.94943237304688
0.4731287956237793, 1.7112560272216797, 0.9506397843360901, 19.16794204711914, -0.4879639744758606, 93.98100280761719
0.47882938385009766, 1.7404577732086182, 0.9609860181808472, 19.679109573364258, -0.4949878454208374, 95.00663757324219
0.48378896713256836, 1.7686781883239746, 0.9698809385299683, 20.2000675201416, -0.4995231330394745, 96.02813720703125
0.4887959957122803, 1.7951807975769043, 0.9779420495033264, 20.728126525878906, -0.506543755531311, 97.0487060546875
0.4944882392883301, 1.820145845413208, 0.9867684841156006, 21.26368522644043, -0.5123149156570435, 98.06666564941406
0.501988410949707, 1.8434239625930786, 0.9955108165740967, 21.804243087768555, -0.5193725228309631, 99.08505249023438
0.5107033252716064, 1.8667042255401611, 1.005979061126709, 22.35123634338379, -0.5252307653427124, 100.10818481445312
0.5206286907196045, 1.88518226146698, 1.0206685066223145, 22.915143966674805, -0.5280102491378784, 101.13241577148438
0.530834436416626, 1.8988691568374634, 1.040437936782837, 23.490379333496094, -0.5274397730827332, 102.15552520751953
0.5394971370697021, 1.9103811979293823, 1.0596619844436646, 24.080101013183594, -0.526573121547699, 103.17234802246094
0.54561448097229, 1.9236811399459839, 1.0758657455444336, 24.680845260620117, -0.5209890604019165, 104.1816177368164
0.5506446361541748, 1.9349561929702759, 1.091862440109253, 25.286972045898438, -0.5147798657417297, 105.18571472167969
0.5526301860809326, 1.945265293121338, 1.111218810081482, 25.899293899536133, -0.5077866315841675, 106.18766784667969
0.553333044052124, 1.9574557542800903, 1.1324265003204346, 26.515039443969727, -0.5013228058815002, 107.1897201538086
0.5540869235992432, 1.9694904088974, 1.1528358459472656, 27.131710052490234, -0.4973849654197693, 108.1927261352539
0.5565578937530518, 1.981575608253479, 1.1739833354949951, 27.74623680114746, -0.4980901777744293, 109.19658660888672
0.5599956512451172, 1.9936587810516357, 1.1948145627975464, 28.361574172973633, -0.5020387768745422, 110.19523620605469
0.5650217533111572, 2.0063259601593018, 1.2141841650009155, 28.976716995239258, -0.5070102214813232, 111.18630981445312
0.5703847408294678, 2.0199241638183594, 1.2358031272888184, 29.598125457763672, -0.5107511281967163, 112.17269134521484
0.574260950088501, 2.032968044281006, 1.2574511766433716, 30.22176170349121, -0.5150469541549683, 113.14452362060547
0.5787923336029053, 2.0479178428649902, 1.279173493385315, 30.853069305419922, -0.5156483054161072, 114.10027313232422
0.5805728435516357, 2.0609493255615234, 1.2972909212112427, 31.482240676879883, -0.518627405166626, 115.03925323486328
0.5825026035308838, 2.073301076889038, 1.3193762302398682, 32.109039306640625, -0.5237067341804504, 115.97534942626953
0.581899881362915, 2.0860979557037354, 1.3396825790405273, 32.744380950927734, -0.5297903418540955, 116.91332244873047
0.5842132568359375, 2.0993659496307373, 1.363962173461914, 33.38637161254883, -0.5430742502212524, 117.8631820678711
0.5901086330413818, 2.1143736839294434, 1.3861160278320312, 34.03702926635742, -0.5547579526901245, 118.81982421875
0.5902369022369385, 2.1341421604156494, 1.4076300859451294, 34.69805908203125, -0.5676524639129639, 119.77716827392578
0.593012809753418, 2.152756690979004, 1.4260658025741577, 35.360145568847656, -0.5788761973381042, 120.73995971679688
0.5937473773956299, 2.1697897911071777, 1.4448434114456177, 36.02070999145508, -0.5947524309158325, 121.70284271240234
0.5935916900634766, 2.1870081424713135, 1.4664325714111328, 36.68075180053711, -0.6107966899871826, 122.66105651855469
0.5945203304290771, 2.200575590133667, 1.4880257844924927, 37.334896087646484, -0.6253982782363892, 123.6213150024414
0.5970001220703125, 2.2096550464630127, 1.5075267553329468, 37.9869270324707, -0.6357011198997498, 124.58246612548828
0.5966644287109375, 2.220362663269043, 1.5259885787963867, 38.63908767700195, -0.6393817663192749, 125.54000091552734
0.6001667976379395, 2.227231979370117, 1.544297218322754, 39.29816436767578, -0.6391980648040771, 126.49337005615234
0.6045622825622559, 2.2347445487976074, 1.5654124021530151, 39.96220016479492, -0.6366117000579834, 127.4471664428711
0.6107320785522461, 2.2397713661193848, 1.590012788772583, 40.63064193725586, -0.6280230283737183, 128.3966827392578
0.6178174018859863, 2.244860887527466, 1.6131553649902344, 41.30434799194336, -0.6257506012916565, 129.34320068359375
0.6211087703704834, 2.25309157371521, 1.638715147972107, 41.98366928100586, -0.6249420642852783, 130.28651428222656
0.6231002807617188, 2.2577202320098877, 1.6662752628326416, 42.66355514526367, -0.6222752928733826, 131.2249755859375
0.6231606006622314, 2.26289701461792, 1.6923285722732544, 43.33711624145508, -0.6179530024528503, 132.16151428222656
0.6229100227355957, 2.2710072994232178, 1.7170106172561646, 44.01130676269531, -0.6159520149230957, 133.1001434326172
0.6269252300262451, 2.278205633163452, 1.742451786994934, 44.6840705871582, -0.6159734725952148, 134.0363006591797
0.6285145282745361, 2.285578966140747, 1.7644375562667847, 45.36262893676758, -0.6089814901351929, 134.96316528320312
0.6298987865447998, 2.297201633453369, 1.786347508430481, 46.04893112182617, -0.6018175482749939, 135.88442993164062
0.6312506198883057, 2.309242010116577, 1.8066619634628296, 46.73193359375, -0.6009787321090698, 136.8065643310547
0.6290581226348877, 2.318145751953125, 1.826322317123413, 47.410491943359375, -0.6085819005966187, 137.7287139892578
0.6270914077758789, 2.3250491619110107, 1.8487679958343506, 48.083168029785156, -0.6181657910346985, 138.65512084960938
0.6200194358825684, 2.3239476680755615, 1.8708643913269043, 48.74900817871094, -0.6264203190803528, 139.58062744140625
0.6119604110717773, 2.3200924396514893, 1.887920618057251, 49.40349197387695, -0.646748423576355, 140.51133728027344
0.6007087230682373, 2.3202855587005615, 1.9036587476730347, 50.052486419677734, -0.6650722622871399, 141.4542999267578
0.5953025817871094, 2.3268187046051025, 1.921425223350525, 50.69822692871094, -0.6789994239807129, 142.4110107421875
0.5915906429290771, 2.332789182662964, 1.9363446235656738, 51.32946014404297, -0.6922117471694946, 143.361328125
0.5880191326141357, 2.3435051441192627, 1.9540468454360962, 51.96119689941406, -0.7040131092071533, 144.3233184814453
0.5872564315795898, 2.3550355434417725, 1.9719574451446533, 52.588932037353516, -0.716592013835907, 145.28750610351562
0.5861709117889404, 2.364899158477783, 1.9909740686416626, 53.219783782958984, -0.7282962203025818, 146.25421142578125
0.5828053951263428, 2.3776965141296387, 2.0078837871551514, 53.84822463989258, -0.7415586113929749, 147.22293090820312
0.5786526203155518, 2.3860087394714355, 2.0252504348754883, 54.47130584716797, -0.7556772232055664, 148.19302368164062
0.5763180255889893, 2.397737503051758, 2.044013023376465, 55.09463882446289, -0.7670954465866089, 149.16453552246094
0.5706295967102051, 2.4132637977600098, 2.065061092376709, 55.71823501586914, -0.7750982642173767, 150.14340209960938
0.5663282871246338, 2.4238274097442627, 2.088618516921997, 56.33502197265625, -0.7811610698699951, 151.12876892089844
0.5679128170013428, 2.434070348739624, 2.1092753410339355, 56.948760986328125, -0.7827892303466797, 152.11428833007812
0.5652589797973633, 2.4440557956695557, 2.129225730895996, 57.56563186645508, -0.7810569405555725, 153.0992889404297
0.557581901550293, 2.453502893447876, 2.1488442420959473, 58.18302536010742, -0.7798661589622498, 154.09567260742188
0.5514767169952393, 2.4639227390289307, 2.1670258045196533, 58.78871536254883, -0.7790423631668091, 155.09449768066406
0.5482079982757568, 2.4713327884674072, 2.1855149269104004, 59.38349533081055, -0.7827306389808655, 156.09637451171875
0.5484275817871094, 2.477443218231201, 2.204497814178467, 59.975059509277344, -0.7877678275108337, 157.0957489013672
0.5495116710662842, 2.4843552112579346, 2.225851535797119, 60.57248306274414, -0.7941573262214661, 158.09156799316406
0.5495319366455078, 2.4957468509674072, 2.246225595474243, 61.179771423339844, -0.8037036657333374, 159.0880584716797
0.5487301349639893, 2.5091288089752197, 2.2599918842315674, 61.777610778808594, -0.815917432308197, 160.079833984375
0.5438942909240723, 2.5198638439178467, 2.274746894836426, 62.37088394165039, -0.8323869705200195, 161.0756072998047
0.5441429615020752, 2.5335028171539307, 2.2938873767852783, 62.95686721801758, -0.8444382548332214, 162.07594299316406
0.541146993637085, 2.5434772968292236, 2.316253900527954, 63.538597106933594, -0.858927845954895, 163.07481384277344
0.5378522872924805, 2.5534024238586426, 2.33966326713562, 64.11930084228516, -0.8710256218910217, 164.0714111328125
0.5335700511932373, 2.5668861865997314, 2.363609790802002, 64.70685577392578, -0.8767225742340088, 165.07005310058594
0.5272808074951172, 2.578636646270752, 2.3868350982666016, 65.29129791259766, -0.8840187191963196, 166.0664520263672
0.5227792263031006, 2.5858330726623535, 2.4104275703430176, 65.87171936035156, -0.8869107961654663, 167.0649871826172
0.5218608379364014, 2.592104911804199, 2.4317049980163574, 66.44525146484375, -0.8905755281448364, 168.06480407714844
0.5291142463684082, 2.5988285541534424, 2.4510397911071777, 67.01815032958984, -0.8909215927124023, 169.06385803222656
0.5388472080230713, 2.6093804836273193, 2.475656747817993, 67.60547637939453, -0.8904761075973511, 170.06382751464844
0.5479843616485596, 2.619265556335449, 2.5002784729003906, 68.20111083984375, -0.8935254812240601, 171.0543975830078
0.5577082633972168, 2.628194808959961, 2.522531747817993, 68.81061553955078, -0.8987143039703369, 172.0386199951172
0.5645725727081299, 2.640166997909546, 2.5449576377868652, 69.42898559570312, -0.9110535979270935, 173.01719665527344
0.5681512355804443, 2.6556472778320312, 2.566460609436035, 70.05411529541016, -0.9221066236495972, 173.99908447265625
0.5675952434539795, 2.670654296875, 2.5871026515960693, 70.6768569946289, -0.93205726146698, 174.97274780273438
0.5649700164794922, 2.686720371246338, 2.6094985008239746, 71.29765319824219, -0.9375166893005371, 175.94068908691406
0.5646288394927979, 2.701911449432373, 2.632484197616577, 71.91511535644531, -0.9486501216888428, 176.9073486328125
0.5632967948913574, 2.7149999141693115, 2.6569061279296875, 72.53384399414062, -0.9602453708648682, 177.87704467773438
0.5620419979095459, 2.7279112339019775, 2.682065486907959, 73.15087890625, -0.9712240695953369, 178.84884643554688
0.5608160495758057, 2.74450421333313, 2.707167625427246, 73.76668548583984, -0.9846159815788269, 179.8221435546875
0.5625128746032715, 2.7633719444274902, 2.7323389053344727, 74.3843765258789, -0.9987773895263672, 180.80056762695312
0.5649783611297607, 2.7787556648254395, 2.758962392807007, 75.00447845458984, -1.0153169631958008, 181.7742919921875
0.5664584636688232, 2.795806884765625, 2.7891175746917725, 75.63191223144531, -1.034971833229065, 182.75335693359375
0.5681357383728027, 2.813856840133667, 2.816823959350586, 76.25965881347656, -1.0499635934829712, 183.73138427734375
0.5680584907531738, 2.831298589706421, 2.8387868404388428, 76.89106750488281, -1.0591566562652588, 184.7061767578125
0.5697526931762695, 2.849975109100342, 2.8577001094818115, 77.52018737792969, -1.0671701431274414, 185.68218994140625
0.5694217681884766, 2.8718552589416504, 2.872626781463623, 78.1479721069336, -1.0714893341064453, 186.6554412841797
0.5697906017303467, 2.892024278640747, 2.8886725902557373, 78.77545928955078, -1.0777411460876465, 187.6256103515625
0.5688941478729248, 2.909090518951416, 2.9076321125030518, 79.40177917480469, -1.081805944442749, 188.59176635742188
0.5688831806182861, 2.924694538116455, 2.9294984340667725, 80.02374267578125, -1.0902764797210693, 189.5525665283203
0.5686962604522705, 2.9393529891967773, 2.9529945850372314, 80.64348602294922, -1.1000546216964722, 190.51063537597656
0.5694005489349365, 2.9516687393188477, 2.977045774459839, 81.26202392578125, -1.1126906871795654, 191.47238159179688
0.5692307949066162, 2.9613447189331055, 2.9976420402526855, 81.8802490234375, -1.1262351274490356, 192.43719482421875
0.5652263164520264, 2.9699225425720215, 3.014291286468506, 82.49559020996094, -1.1376488208770752, 193.400634765625
0.560554027557373, 2.9811694622039795, 3.030484437942505, 83.1112289428711, -1.1489139795303345, 194.36996459960938
0.5588948726654053, 2.9909138679504395, 3.0442092418670654, 83.72135925292969, -1.1587116718292236, 195.3450469970703
0.5603272914886475, 2.9990339279174805, 3.0546627044677734, 84.32996368408203, -1.1684023141860962, 196.32510375976562
0.5631577968597412, 3.007171630859375, 3.06956148147583, 84.93981170654297, -1.1759625673294067, 197.30487060546875
0.567359447479248, 3.017279863357544, 3.0848565101623535, 85.55233001708984, -1.1834203004837036, 198.27980041503906
0.5709657669067383, 3.0310218334198, 3.100395917892456, 86.16767120361328, -1.1895054578781128, 199.2504119873047
0.5718088150024414, 3.044989824295044, 3.1129040718078613, 86.78445434570312, -1.2024983167648315, 200.21652221679688
0.5701985359191895, 3.058520555496216, 3.126206398010254, 87.4009780883789, -1.218983769416809, 201.18467712402344
0.5716860294342041, 3.07163667678833, 3.13859486579895, 88.01689910888672, -1.233541488647461, 202.1526641845703
0.5719177722930908, 3.0828654766082764, 3.1515846252441406, 88.6360855102539, -1.246658444404602, 203.11834716796875
0.5735523700714111, 3.0962533950805664, 3.1677231788635254, 89.25824737548828, -1.2611498832702637, 204.08346557617188
0.575526237487793, 3.1102442741394043, 3.183985948562622, 89.88021087646484, -1.270459771156311, 205.04473876953125
0.5735824108123779, 3.123053789138794, 3.2018775939941406, 90.50315856933594, -1.2775877714157104, 206.00759887695312
0.5734779834747314, 3.1323883533477783, 3.2201921939849854, 91.1252212524414, -1.2835537195205688, 206.97132873535156
0.5754263401031494, 3.1411068439483643, 3.242847442626953, 91.75293731689453, -1.2897522449493408, 207.9359893798828
0.5785753726959229, 3.148069143295288, 3.265775203704834, 92.38621520996094, -1.2929420471191406, 208.8983154296875
0.5821037292480469, 3.1542294025421143, 3.291005849838257, 93.02692413330078, -1.2917778491973877, 209.86062622070312
0.5862295627593994, 3.160484552383423, 3.3179383277893066, 93.67140197753906, -1.2843689918518066, 210.81817626953125
0.5922167301177979, 3.1675102710723877, 3.342494010925293, 94.31793212890625, -1.2756876945495605, 211.7755126953125
0.5986390113830566, 3.1759016513824463, 3.3688337802886963, 94.97021484375, -1.2707042694091797, 212.72857666015625
0.6058046817779541, 3.1852567195892334, 3.395738363265991, 95.62860870361328, -1.270887851715088, 213.67562866210938
0.6142966747283936, 3.1962649822235107, 3.4223434925079346, 96.29568481445312, -1.275585412979126, 214.61427307128906
0.6215803623199463, 3.2073464393615723, 3.4512131214141846, 96.97218322753906, -1.285689115524292, 215.55233764648438
0.6279792785644531, 3.2216575145721436, 3.482625961303711, 97.6587142944336, -1.2931411266326904, 216.48741149902344
0.6349470615386963, 3.2369563579559326, 3.512772798538208, 98.35189056396484, -1.3026299476623535, 217.41943359375
0.6396658420562744, 3.2523653507232666, 3.5412330627441406, 99.05320739746094, -1.3125063180923462, 218.34999084472656
0.6433117389678955, 3.2664997577667236, 3.5668413639068604, 99.7599868774414, -1.3200393915176392, 219.27999877929688
0.6471474170684814, 3.27764892578125, 3.5908989906311035, 100.4686050415039, -1.3246077299118042, 220.2059326171875
0.6530361175537109, 3.285003900527954, 3.616797924041748, 101.18021392822266, -1.3251862525939941, 221.1242218017578
0.6577029228210449, 3.2943975925445557, 3.6434473991394043, 101.89197540283203, -1.3272960186004639, 222.03956604003906
0.6646394729614258, 3.3017046451568604, 3.670994281768799, 102.60371398925781, -1.3312644958496094, 222.95545959472656
0.6734983921051025, 3.3074910640716553, 3.69667387008667, 103.3196029663086, -1.3394588232040405, 223.8636932373047
0.6799695491790771, 3.3136980533599854, 3.723067045211792, 104.04351806640625, -1.3469700813293457, 224.76271057128906
0.6877918243408203, 3.3213584423065186, 3.7471442222595215, 104.77462005615234, -1.357340931892395, 225.65731811523438
0.6931815147399902, 3.3287720680236816, 3.767728805541992, 105.5089340209961, -1.3683491945266724, 226.5523223876953
0.6990368366241455, 3.3371126651763916, 3.787137508392334, 106.24855041503906, -1.37798011302948, 227.4429473876953
0.7053449153900146, 3.346022605895996, 3.8051607608795166, 106.99068450927734, -1.3869984149932861, 228.32608032226562
0.7119851112365723, 3.35347318649292, 3.82291579246521, 107.74026489257812, -1.3946268558502197, 229.20541381835938
0.7190439701080322, 3.3601770401000977, 3.8390614986419678, 108.49435424804688, -1.3998897075653076, 230.0800323486328
0.7266814708709717, 3.366920232772827, 3.8550562858581543, 109.25691986083984, -1.4044674634933472, 230.94676208496094
0.7338693141937256, 3.373717784881592, 3.869412660598755, 110.02619171142578, -1.4073678255081177, 231.8068084716797
0.7384612560272217, 3.3811538219451904, 3.8840672969818115, 110.8011474609375, -1.4084584712982178, 232.66416931152344
0.7434308528900146, 3.3899004459381104, 3.901118755340576, 111.58148193359375, -1.407859206199646, 233.51942443847656
0.749469518661499, 3.4030089378356934, 3.9223668575286865, 112.3686294555664, -1.4075398445129395, 234.3704071044922
0.7552587985992432, 3.419783353805542, 3.942473888397217, 113.16404724121094, -1.4122694730758667, 235.2152557373047
0.7607672214508057, 3.438640832901001, 3.963130235671997, 113.96570587158203, -1.4253402948379517, 236.054931640625
0.7655541896820068, 3.4611260890960693, 3.982910633087158, 114.77267456054688, -1.4412897825241089, 236.88914489746094
0.7688109874725342, 3.485419273376465, 4.00214958190918, 115.58226776123047, -1.4544295072555542, 237.71971130371094
0.7721738815307617, 3.5104007720947266, 4.0223307609558105, 116.3953628540039, -1.4634548425674438, 238.5490264892578
0.7750880718231201, 3.5336408615112305, 4.045550346374512, 117.20914459228516, -1.470733642578125, 239.37730407714844
0.777534008026123, 3.5542616844177246, 4.068512439727783, 118.02481842041016, -1.477673053741455, 240.200927734375
0.779714822769165, 3.5751380920410156, 4.088456153869629, 118.8461685180664, -1.48439621925354, 241.0225372314453
0.7809104919433594, 3.5957887172698975, 4.105245113372803, 119.66702270507812, -1.4876807928085327, 241.84141540527344
0.7828414440155029, 3.6189186573028564, 4.121888637542725, 120.48680114746094, -1.4927988052368164, 242.65869140625
0.7864141464233398, 3.637272834777832, 4.138223171234131, 121.31250762939453, -1.4984257221221924, 243.47511291503906
0.788698673248291, 3.655928134918213, 4.1555280685424805, 122.14087677001953, -1.500920295715332, 244.294677734375
0.7906177043914795, 3.6755380630493164, 4.173441410064697, 122.9715347290039, -1.5027424097061157, 245.11373901367188
0.7940418720245361, 3.692519426345825, 4.190329551696777, 123.80167388916016, -1.5049598217010498, 245.9316864013672
0.7998309135437012, 3.7080931663513184, 4.207886219024658, 124.6328125, -1.508536458015442, 246.7527313232422
0.8062589168548584, 3.7195122241973877, 4.227049827575684, 125.46778869628906, -1.5121350288391113, 247.5698699951172
0.8128948211669922, 3.7287158966064453, 4.244284152984619, 126.3100814819336, -1.513066291809082, 248.3778839111328
0.8182816505432129, 3.7395076751708984, 4.260660171508789, 127.15821838378906, -1.512593388557434, 249.1776123046875
0.8209052085876465, 3.750782012939453, 4.280178546905518, 128.01693725585938, -1.5080002546310425, 249.9759979248047
0.8215467929840088, 3.762183427810669, 4.302091121673584, 128.88076782226562, -1.4994648694992065, 250.7715301513672
0.8220188617706299, 3.7731120586395264, 4.3219475746154785, 129.74449157714844, -1.4920753240585327, 251.56333923339844
0.8211972713470459, 3.782092571258545, 4.343240737915039, 130.6097869873047, -1.4871418476104736, 252.35690307617188
0.8213157653808594, 3.7935190200805664, 4.361664295196533, 131.47547912597656, -1.4825819730758667, 253.14926147460938
0.8231837749481201, 3.8055543899536133, 4.380171298980713, 132.33302307128906, -1.4784228801727295, 253.935791015625
0.8246557712554932, 3.817932605743408, 4.398402690887451, 133.1917724609375, -1.4763168096542358, 254.7219696044922
0.8256485462188721, 3.8301641941070557, 4.417830944061279, 134.05154418945312, -1.4751936197280884, 255.51116943359375
0.8284037113189697, 3.845540761947632, 4.435170650482178, 134.90872192382812, -1.4775300025939941, 256.29925537109375
0.8343422412872314, 3.855358362197876, 4.449653148651123, 135.7696533203125, -1.4841557741165161, 257.08929443359375
0.840498685836792, 3.8637654781341553, 4.463299751281738, 136.62451171875, -1.4930229187011719, 257.87646484375
0.8464815616607666, 3.872299909591675, 4.476207256317139, 137.4722900390625, -1.5031675100326538, 258.6512451171875
0.847022533416748, 3.877868175506592, 4.4869842529296875, 138.3271484375, -1.515965223312378, 259.4178466796875
0.8493068218231201, 3.8902177810668945, 4.502397060394287, 139.182861328125, -1.5299915075302124, 260.1867370605469
0.8497335910797119, 3.9034366607666016, 4.520158290863037, 140.0423126220703, -1.5338373184204102, 260.9537353515625
0.8482992649078369, 3.9163262844085693, 4.540351867675781, 140.9051971435547, -1.5390700101852417, 261.7215270996094
0.8435704708099365, 3.9297096729278564, 4.56204080581665, 141.7687530517578, -1.5489921569824219, 262.48236083984375
0.8435866832733154, 3.941758155822754, 4.582881450653076, 142.63262939453125, -1.557150959968567, 263.25164794921875
0.8463680744171143, 3.9565322399139404, 4.605288028717041, 143.49917602539062, -1.5645523071289062, 264.01385498046875
0.8456628322601318, 3.967345714569092, 4.627294540405273, 144.3687286376953, -1.5697376728057861, 264.7762451171875
0.8440182209014893, 3.980835199356079, 4.646475315093994, 145.23497009277344, -1.572871208190918, 265.53729248046875
0.8463108539581299, 3.9950575828552246, 4.665156364440918, 146.10621643066406, -1.5737801790237427, 266.3048400878906
0.8470745086669922, 4.0091423988342285, 4.68560791015625, 146.9700164794922, -1.579625129699707, 267.071533203125
0.8464903831481934, 4.022695064544678, 4.70475435256958, 147.8354949951172, -1.5871036052703857, 267.8421325683594
0.8462557792663574, 4.0374064445495605, 4.719579696655273, 148.6947784423828, -1.5917068719863892, 268.6075439453125
0.8484437465667725, 4.05203914642334, 4.7408013343811035, 149.5538330078125, -1.595514178276062, 269.36669921875
0.8509297370910645, 4.063474655151367, 4.756551265716553, 150.41372680664062, -1.5993545055389404, 270.1273498535156
0.8527655601501465, 4.073826789855957, 4.770248889923096, 151.2749786376953, -1.6005282402038574, 270.88592529296875
0.8539741039276123, 4.08267068862915, 4.788635730743408, 152.14450073242188, -1.60352623462677, 271.6385192871094
0.8562211990356445, 4.089948654174805, 4.806918621063232, 153.02243041992188, -1.6101534366607666, 272.39935302734375
0.8648569583892822, 4.0968403816223145, 4.818177223205566, 153.89031982421875, -1.61458420753479, 273.1561279296875
0.8723204135894775, 4.10328483581543, 4.835360527038574, 154.7633514404297, -1.6196231842041016, 273.9107360839844
0.876995325088501, 4.111229419708252, 4.853960037231445, 155.63931274414062, -1.627036452293396, 274.65380859375
0.8821227550506592, 4.120730400085449, 4.872462749481201, 156.51705932617188, -1.6382367610931396, 275.3919677734375
0.8856027126312256, 4.1339216232299805, 4.888141632080078, 157.40676879882812, -1.6509467363357544, 276.1264953613281
0.8897631168365479, 4.149507999420166, 4.904826641082764, 158.2953338623047, -1.6566427946090698, 276.85906982421875
0.894341230392456, 4.1639299392700195, 4.921699523925781, 159.1932830810547, -1.66108238697052, 277.5937805175781
0.8956964015960693, 4.176804542541504, 4.933689117431641, 160.10084533691406, -1.6616374254226685, 278.32489013671875
0.8972651958465576, 4.190394401550293, 4.943766117095947, 161.00706481933594, -1.6684353351593018, 279.0563659667969
0.9004518985748291, 4.201965808868408, 4.951523780822754, 161.911865234375, -1.6716631650924683, 279.7836608886719
0.9017174243927002, 4.21484899520874, 4.960371494293213, 162.8181915283203, -1.6740291118621826, 280.50738525390625
0.899707555770874, 4.224959850311279, 4.970873832702637, 163.73092651367188, -1.6786047220230103, 281.224365234375
0.8963301181793213, 4.234611511230469, 4.983584880828857, 164.635986328125, -1.6782697439193726, 281.9423828125
0.8932411670684814, 4.2471160888671875, 4.998805046081543, 165.54010009765625, -1.6747506856918335, 282.6628112792969
0.8907606601715088, 4.2581787109375, 5.016210079193115, 166.44505310058594, -1.6687960624694824, 283.38043212890625
0.8868930339813232, 4.269829273223877, 5.0320892333984375, 167.35183715820312, -1.6635228395462036, 284.1024475097656
0.8808705806732178, 4.280984401702881, 5.046819686889648, 168.258544921875, -1.657016396522522, 284.82916259765625
0.8758137226104736, 4.2930779457092285, 5.062044620513916, 169.15750122070312, -1.6533429622650146, 285.5596923828125
0.8679468631744385, 4.303569316864014, 5.079747200012207, 170.0493927001953, -1.6466642618179321, 286.29254150390625
0.8549747467041016, 4.314786911010742, 5.095176696777344, 170.93270874023438, -1.6443524360656738, 287.0314025878906
0.846459150314331, 4.3211750984191895, 5.112053394317627, 171.80471801757812, -1.6380456686019897, 287.7752380371094
0.8336691856384277, 4.328248023986816, 5.1344404220581055, 172.66456604003906, -1.6340242624282837, 288.53228759765625
0.8240339756011963, 4.335690021514893, 5.158668041229248, 173.50936889648438, -1.6379896402359009, 289.29864501953125
0.8169903755187988, 4.339980602264404, 5.178637504577637, 174.34164428710938, -1.6463632583618164, 290.0811767578125
0.8143372535705566, 4.340615749359131, 5.200475692749023, 175.16896057128906, -1.6513383388519287, 290.87261962890625
0.8173654079437256, 4.343705177307129, 5.222967624664307, 175.9947509765625, -1.6633578538894653, 291.664306640625
0.8192670345306396, 4.347540855407715, 5.235989570617676, 176.83047485351562, -1.6701204776763916, 292.4555969238281
0.8185882568359375, 4.35579776763916, 5.249685764312744, 177.6763458251953, -1.6689045429229736, 293.2430114746094
0.8147866725921631, 4.369603633880615, 5.266080379486084, 178.5160369873047, -1.6724112033843994, 294.03466796875
0.8114974498748779, 4.386234760284424, 5.283955097198486, 179.34852600097656, -1.6759119033813477, 294.8387145996094
0.8071277141571045, 4.399155616760254, 5.294986724853516, 180.17623901367188, -1.6801493167877197, 295.64202880859375
0.8084578514099121, 4.40839958190918, 5.304701805114746, 181.0034942626953, -1.6813642978668213, 296.45123291015625
0.8112339973449707, 4.418088912963867, 5.317273139953613, 181.8237762451172, -1.6843979358673096, 297.25592041015625
0.8159244060516357, 4.432336330413818, 5.331718921661377, 182.64877319335938, -1.6866047382354736, 298.06390380859375
0.818427562713623, 4.449802875518799, 5.345505237579346, 183.47781372070312, -1.6891940832138062, 298.8703918457031
0.8252933025360107, 4.465879917144775, 5.362532615661621, 184.3065185546875, -1.6946680545806885, 299.67962646484375
0.8339583873748779, 4.484267711639404, 5.384092330932617, 185.13636779785156, -1.7013366222381592, 300.4901428222656
0.8438832759857178, 4.502333641052246, 5.409696102142334, 185.97703552246094, -1.708032488822937, 301.29071044921875
0.8529074192047119, 4.516181468963623, 5.434570789337158, 186.82899475097656, -1.710603952407837, 302.0733642578125
0.8656713962554932, 4.529851913452148, 5.453149318695068, 187.68621826171875, -1.7091459035873413, 302.8435363769531
0.8778913021087646, 4.540599346160889, 5.469662666320801, 188.5515594482422, -1.716662049293518, 303.6012878417969
0.8903095722198486, 4.551215171813965, 5.491750717163086, 189.431396484375, -1.7230181694030762, 304.3464050292969
0.902965784072876, 4.563282012939453, 5.510951042175293, 190.31643676757812, -1.7274932861328125, 305.0770568847656
0.9164130687713623, 4.571371555328369, 5.529608249664307, 191.20797729492188, -1.734690546989441, 305.80181884765625
0.9304378032684326, 4.579338073730469, 5.550395488739014, 192.1101837158203, -1.7423036098480225, 306.5116271972656
0.9437839984893799, 4.588371753692627, 5.572665214538574, 193.02308654785156, -1.7480846643447876, 307.2029113769531
0.9587328433990479, 4.596701622009277, 5.593701362609863, 193.94668579101562, -1.7575350999832153, 307.8809509277344
0.9708759784698486, 4.602092266082764, 5.612373352050781, 194.87718200683594, -1.7619612216949463, 308.5433654785156
0.9807674884796143, 4.608694076538086, 5.625587463378906, 195.8133087158203, -1.7710788249969482, 309.1962585449219
0.9906537532806396, 4.616542816162109, 5.639480113983154, 196.75616455078125, -1.7786085605621338, 309.841552734375
1.0043518543243408, 4.631271839141846, 5.654745578765869, 197.70648193359375, -1.7862491607666016, 310.47808837890625
1.015437364578247, 4.650234699249268, 5.671485900878906, 198.66693115234375, -1.7969061136245728, 311.1022033691406
1.0224254131317139, 4.673006534576416, 5.693089485168457, 199.63961791992188, -1.8105958700180054, 311.7162780761719
1.0329053401947021, 4.6940789222717285, 5.719235420227051, 200.61317443847656, -1.8237968683242798, 312.3246154785156
1.043731451034546, 4.714621543884277, 5.742824077606201, 201.58929443359375, -1.8431841135025024, 312.9225769042969
1.053816556930542, 4.728983402252197, 5.765345096588135, 202.5728759765625, -1.8628315925598145, 313.5149841308594
1.0634353160858154, 4.742738246917725, 5.783522129058838, 203.56118774414062, -1.8821415901184082, 314.10015869140625
1.0707333087921143, 4.7569499015808105, 5.799436092376709, 204.55032348632812, -1.9015357494354248, 314.6800842285156
1.0797712802886963, 4.76835298538208, 5.812060356140137, 205.54830932617188, -1.9126126766204834, 315.2524108886719
1.0889947414398193, 4.783924579620361, 5.825455665588379, 206.55105590820312, -1.9276453256607056, 315.81451416015625
1.0966250896453857, 4.797102451324463, 5.8396525382995605, 207.56239318847656, -1.9397647380828857, 316.3653259277344
1.0961816310882568, 4.809348106384277, 5.855437755584717, 208.58544921875, -1.9462212324142456, 316.9061279296875
1.0934464931488037, 4.820287227630615, 5.869260787963867, 209.59396362304688, -1.9516823291778564, 317.446533203125
1.0938737392425537, 4.828360557556152, 5.885509967803955, 210.59832763671875, -1.9543824195861816, 317.9815368652344
1.0981652736663818, 4.8340067863464355, 5.901680946350098, 211.5994415283203, -1.9608269929885864, 318.50738525390625
1.0949442386627197, 4.842050075531006, 5.920061111450195, 212.6056365966797, -1.9656009674072266, 319.020751953125
1.0873949527740479, 4.859104156494141, 5.93481969833374, 213.60691833496094, -1.9688929319381714, 319.53424072265625
1.0839073657989502, 4.875861644744873, 5.952539443969727, 214.60879516601562, -1.9702653884887695, 320.04815673828125
1.0768039226531982, 4.888434886932373, 5.9686760902404785, 215.61367797851562, -1.9738050699234009, 320.56121826171875
1.0688230991363525, 4.89703893661499, 5.987119197845459, 216.62733459472656, -1.9777727127075195, 321.0823974609375
1.0596754550933838, 4.906597137451172, 6.006641864776611, 217.63800048828125, -1.9776279926300049, 321.6143493652344
1.0493147373199463, 4.916216850280762, 6.028721809387207, 218.6570587158203, -1.9742623567581177, 322.1643981933594
1.044391393661499, 4.927743434906006, 6.051792144775391, 219.6659698486328, -1.9662201404571533, 322.7366027832031
1.04384446144104, 4.935850620269775, 6.071120262145996, 220.66952514648438, -1.9610551595687866, 323.320556640625
1.0439221858978271, 4.944828033447266, 6.089394569396973, 221.6757049560547, -1.9589790105819702, 323.9036560058594
1.0476224422454834, 4.954698085784912, 6.108203411102295, 222.6812744140625, -1.963144063949585, 324.48748779296875
1.0492260456085205, 4.961885452270508, 6.124314785003662, 223.69021606445312, -1.9682960510253906, 325.0727233886719
1.0529420375823975, 4.966569423675537, 6.14114236831665, 224.69090270996094, -1.9770628213882446, 325.6599426269531
1.0518410205841064, 4.975149631500244, 6.155240058898926, 225.68682861328125, -1.9871042966842651, 326.2420654296875
1.052304983139038, 4.982834815979004, 6.173705101013184, 226.68798828125, -1.9984700679779053, 326.8187255859375
1.0530264377593994, 4.994276523590088, 6.190655708312988, 227.69325256347656, -2.0051369667053223, 327.3893127441406
1.05362868309021, 5.005009651184082, 6.204955101013184, 228.69920349121094, -2.0071542263031006, 327.96075439453125
1.0562841892242432, 5.02018928527832, 6.217891216278076, 229.7006378173828, -2.0077767372131348, 328.52667236328125
1.0629632472991943, 5.0380859375, 6.235952377319336, 230.70590209960938, -2.007585287094116, 329.0950622558594
1.0694892406463623, 5.052404880523682, 6.2528076171875, 231.7178955078125, -2.011096715927124, 329.658447265625
1.0759098529815674, 5.06974983215332, 6.272719383239746, 232.73776245117188, -2.014054298400879, 330.2169189453125
1.08608078956604, 5.091804504394531, 6.290108680725098, 233.7648468017578, -2.0156378746032715, 330.77764892578125
1.0968306064605713, 5.110637664794922, 6.304901123046875, 234.80491638183594, -2.017303943634033, 331.3302917480469
1.103564977645874, 5.127054691314697, 6.320720672607422, 235.849609375, -2.0189318656921387, 331.8717041015625
1.110652208328247, 5.148575305938721, 6.334776401519775, 236.89541625976562, -2.0238146781921387, 332.40692138671875
1.1160509586334229, 5.168749809265137, 6.348696708679199, 237.95106506347656, -2.030271291732788, 332.9358825683594
1.1216156482696533, 5.187799453735352, 6.362800598144531, 238.99363708496094, -2.036825180053711, 333.4595642089844
1.1280491352081299, 5.203743934631348, 6.37422513961792, 240.03656005859375, -2.0431478023529053, 333.9779052734375
1.137967824935913, 5.217309951782227, 6.384206295013428, 241.0768280029297, -2.0455269813537598, 334.4866638183594
1.1495726108551025, 5.232232570648193, 6.397355556488037, 242.11399841308594, -2.053631067276001, 334.9845275878906
1.1538207530975342, 5.240322589874268, 6.413895130157471, 243.1538543701172, -2.059070348739624, 335.4582824707031
1.1546685695648193, 5.253480434417725, 6.432055473327637, 244.19586181640625, -2.0612566471099854, 335.933837890625
1.1506855487823486, 5.266875267028809, 6.454331874847412, 245.23814392089844, -2.064605712890625, 336.4084777832031
1.1451456546783447, 5.278545379638672, 6.474431037902832, 246.28408813476562, -2.0666868686676025, 336.8876647949219
1.1434433460235596, 5.292838096618652, 6.489982604980469, 247.33164978027344, -2.072618007659912, 337.37548828125
1.1469519138336182, 5.309332847595215, 6.507657051086426, 248.3790283203125, -2.0816426277160645, 337.8635559082031
1.1520564556121826, 5.329018592834473, 6.529483318328857, 249.4408721923828, -2.091447353363037, 338.3442077636719
1.1539461612701416, 5.346806049346924, 6.546572208404541, 250.5092010498047, -2.104050397872925, 338.81927490234375
1.1546905040740967, 5.361194610595703, 6.559537410736084, 251.56871032714844, -2.1156890392303467, 339.28900146484375
1.1530888080596924, 5.3771281242370605, 6.568421363830566, 252.62342834472656, -2.132033348083496, 339.7563781738281
1.153458833694458, 5.392772674560547, 6.578631401062012, 253.6712188720703, -2.147583246231079, 340.2270202636719
1.1584117412567139, 5.407906532287598, 6.5883965492248535, 254.71722412109375, -2.1610567569732666, 340.6968994140625
1.1639244556427002, 5.423732757568359, 6.598745822906494, 255.75985717773438, -2.1683969497680664, 341.1570129394531
1.1731579303741455, 5.441099643707275, 6.614432334899902, 256.81585693359375, -2.17134952545166, 341.6085510253906
1.1721775531768799, 5.459084987640381, 6.633650779724121, 257.88372802734375, -2.171966552734375, 342.046630859375
1.1756746768951416, 5.478031158447266, 6.650216579437256, 258.9448547363281, -2.1779415607452393, 342.4866638183594
1.1819384098052979, 5.494832515716553, 6.670589923858643, 260.0159606933594, -2.1859238147735596, 342.92205810546875
1.1905577182769775, 5.504579544067383, 6.687537670135498, 261.08172607421875, -2.1930370330810547, 343.3570251464844
1.1976888179779053, 5.514683246612549, 6.704308986663818, 262.1585693359375, -2.2034006118774414, 343.7853698730469
1.2071049213409424, 5.527002811431885, 6.720953941345215, 263.2391357421875, -2.220404863357544, 344.2147521972656
1.2151219844818115, 5.539356708526611, 6.737953186035156, 264.31414794921875, -2.2360119819641113, 344.6269226074219
1.221627950668335, 5.550638675689697, 6.752864837646484, 265.3818664550781, -2.25492000579834, 345.0338439941406
1.2249534130096436, 5.561845779418945, 6.774229526519775, 266.4570617675781, -2.274263620376587, 345.447021484375
1.2222015857696533, 5.571311950683594, 6.796607971191406, 267.5362548828125, -2.2860963344573975, 345.8565979003906
1.2146646976470947, 5.5808234214782715, 6.816967010498047, 268.613037109375, -2.293059825897217, 346.2656555175781
1.2078468799591064, 5.5864787101745605, 6.834807872772217, 269.68988037109375, -2.303302049636841, 346.6896667480469
1.199087381362915, 5.587892532348633, 6.850224494934082, 270.76177978515625, -2.310523271560669, 347.1119384765625
1.1945102214813232, 5.597243785858154, 6.866365909576416, 271.8277282714844, -2.3211095333099365, 347.54241943359375
1.1931612491607666, 5.60297966003418, 6.881346702575684, 272.8855895996094, -2.3270349502563477, 347.97021484375
1.1919395923614502, 5.612181186676025, 6.897789478302002, 273.94683837890625, -2.333296537399292, 348.3984069824219
1.1956093311309814, 5.622710704803467, 6.9171013832092285, 275.0140075683594, -2.3410520553588867, 348.822998046875
1.1991541385650635, 5.634794235229492, 6.9354472160339355, 276.0859069824219, -2.3478331565856934, 349.23675537109375
1.2010810375213623, 5.647326469421387, 6.95900297164917, 277.1632385253906, -2.3451690673828125, 349.64263916015625
1.2053663730621338, 5.6607866287231445, 6.978958606719971, 278.24627685546875, -2.33791184425354, 350.0445251464844
1.2111427783966064, 5.670672416687012, 6.995982646942139, 279.3381652832031, -2.33274507522583, 350.4474182128906
1.218665361404419, 5.679699897766113, 7.010904312133789, 280.43023681640625, -2.3301942348480225, 350.84698486328125
1.2242825031280518, 5.684128284454346, 7.027421474456787, 281.5279846191406, -2.326655864715576, 351.2428894042969
1.2293121814727783, 5.694490909576416, 7.045487403869629, 282.6214294433594, -2.323176383972168, 351.6353454589844
1.2394559383392334, 5.704633712768555, 7.065430164337158, 283.7118835449219, -2.32666277885437, 352.02789306640625
1.2463443279266357, 5.71147346496582, 7.090626239776611, 284.8070068359375, -2.3295111656188965, 352.40118408203125
1.2534868717193604, 5.7185797691345215, 7.1146626472473145, 285.89898681640625, -2.3350629806518555, 352.7671203613281
1.2587006092071533, 5.729106903076172, 7.135786533355713, 286.99200439453125, -2.3443500995635986, 353.1240539550781
1.2609493732452393, 5.7391791343688965, 7.153982162475586, 288.08282470703125, -2.353027820587158, 353.47344970703125
1.262706995010376, 5.7495808601379395, 7.169557094573975, 289.17547607421875, -2.360753059387207, 353.822021484375
1.2635128498077393, 5.761878490447998, 7.185240745544434, 290.2695617675781, -2.3714163303375244, 354.1689453125
1.2650845050811768, 5.775082588195801, 7.20015287399292, 291.364013671875, -2.3809733390808105, 354.510009765625
1.2664711475372314, 5.788708686828613, 7.217276096343994, 292.4549865722656, -2.388679027557373, 354.8434753417969
1.2673990726470947, 5.803371906280518, 7.233361721038818, 293.5517272949219, -2.3962225914001465, 355.17681884765625
1.27036452293396, 5.817018985748291, 7.251321315765381, 294.6538391113281, -2.4061574935913086, 355.5107116699219
1.2690269947052002, 5.834402561187744, 7.269845962524414, 295.7581787109375, -2.4175870418548584, 355.8421936035156
1.269805669784546, 5.852794647216797, 7.285262584686279, 296.8653564453125, -2.433276653289795, 356.1729736328125
1.2722294330596924, 5.868852615356445, 7.306238174438477, 297.9743347167969, -2.4432997703552246, 356.5012512207031
1.2724287509918213, 5.886260986328125, 7.326596260070801, 299.0774230957031, -2.453416585922241, 356.82830810546875
1.2728936672210693, 5.900859355926514, 7.349817752838135, 300.1853942871094, -2.4615566730499268, 357.1573486328125
1.274085283279419, 5.9213547706604, 7.373449802398682, 301.2978515625, -2.4689624309539795, 357.49658203125
1.271087408065796, 5.940324306488037, 7.398146152496338, 302.40472412109375, -2.476329803466797, 357.83905029296875
1.2722795009613037, 5.956200122833252, 7.421067237854004, 303.5115051269531, -2.4834604263305664, 358.1875305175781
1.2731916904449463, 5.9670610427856445, 7.443597793579102, 304.6216125488281, -2.4893031120300293, 358.53790283203125
1.2773706912994385, 5.979162693023682, 7.465390205383301, 305.7409973144531, -2.49343204498291, 358.88116455078125
1.2830555438995361, 5.992085933685303, 7.486605644226074, 306.8638916015625, -2.497205972671509, 359.21722412109375
1.2899868488311768, 6.00635290145874, 7.50590705871582, 307.9902648925781, -2.498255729675293, 359.5440979003906
1.2967808246612549, 6.023948669433594, 7.520111560821533, 309.12066650390625, -2.4978408813476562, 359.8622131347656
1.3041727542877197, 6.042325496673584, 7.5276641845703125, 310.2479248046875, -2.4984500408172607, 360.1798095703125
1.3101775646209717, 6.061017990112305, 7.537025451660156, 311.3751220703125, -2.4999234676361084, 360.49853515625
1.313335657119751, 6.082982540130615, 7.548429489135742, 312.50433349609375, -2.5034773349761963, 360.8163757324219
1.3192732334136963, 6.104649543762207, 7.563105583190918, 313.63922119140625, -2.512418746948242, 361.1273193359375
1.3244154453277588, 6.1241021156311035, 7.5801496505737305, 314.77325439453125, -2.523653745651245, 361.42913818359375
1.3298313617706299, 6.14530611038208, 7.600305557250977, 315.91168212890625, -2.5302717685699463, 361.7183532714844
1.3342602252960205, 6.167520999908447, 7.617308139801025, 317.05804443359375, -2.5356786251068115, 362.00335693359375
1.3363616466522217, 6.192197322845459, 7.6340508460998535, 318.2027282714844, -2.5370423793792725, 362.286376953125
1.3433811664581299, 6.2153120040893555, 7.644613265991211, 319.33978271484375, -2.538212776184082, 362.56829833984375
1.349229097366333, 6.2380852699279785, 7.653201580047607, 320.4754333496094, -2.5400891304016113, 362.8450927734375
1.352752923965454, 6.258836269378662, 7.665674686431885, 321.6136169433594, -2.5403616428375244, 363.11102294921875
1.3542706966400146, 6.279527187347412, 7.6758294105529785, 322.7481384277344, -2.5410780906677246, 363.36578369140625
1.3547022342681885, 6.298715591430664, 7.689272403717041, 323.88226318359375, -2.5453057289123535, 363.61865234375
1.360886812210083, 6.320898056030273, 7.706478595733643, 325.0079650878906, -2.55320143699646, 363.8712463378906
1.3667151927947998, 6.342604160308838, 7.728586673736572, 326.14019775390625, -2.5648694038391113, 364.1238098144531
1.3715288639068604, 6.364671230316162, 7.749471664428711, 327.266845703125, -2.578967571258545, 364.3779296875
1.3783352375030518, 6.3869428634643555, 7.774552822113037, 328.3995056152344, -2.5898375511169434, 364.6256408691406
1.3870289325714111, 6.408933162689209, 7.797760486602783, 329.5369873046875, -2.599564790725708, 364.8634033203125
1.3918893337249756, 6.4278669357299805, 7.819477558135986, 330.6768493652344, -2.6042356491088867, 365.0896911621094
1.3978073596954346, 6.444941520690918, 7.83820915222168, 331.8199157714844, -2.6074864864349365, 365.3078308105469
1.4036486148834229, 6.459301471710205, 7.856151103973389, 332.96710205078125, -2.610386610031128, 365.5194091796875
1.4078094959259033, 6.4732584953308105, 7.872743129730225, 334.11334228515625, -2.6183383464813232, 365.7245178222656
1.4118297100067139, 6.489758014678955, 7.886376857757568, 335.2633361816406, -2.623405933380127, 365.9225158691406
1.414726972579956, 6.503725528717041, 7.90500545501709, 336.40997314453125, -2.6301252841949463, 366.1129455566406
1.4154164791107178, 6.521238803863525, 7.925131320953369, 337.5548095703125, -2.6445817947387695, 366.2978515625
1.4158003330230713, 6.540750980377197, 7.945011138916016, 338.6961975097656, -2.6592352390289307, 366.4794616699219
1.4230239391326904, 6.557679176330566, 7.968475341796875, 339.8319091796875, -2.6731464862823486, 366.6563415527344
1.4298064708709717, 6.572577953338623, 7.993462085723877, 340.96942138671875, -2.6865155696868896, 366.8297424316406
1.440699815750122, 6.587430953979492, 8.015985488891602, 342.10614013671875, -2.698176383972168, 367.0010986328125
1.4516127109527588, 6.605129718780518, 8.038135528564453, 343.24700927734375, -2.7114739418029785, 367.1651611328125
1.461958646774292, 6.624995231628418, 8.057793617248535, 344.3910827636719, -2.7207534313201904, 367.3211364746094
1.472459077835083, 6.644577980041504, 8.077142715454102, 345.54107666015625, -2.726689338684082, 367.4676208496094
1.4810659885406494, 6.6638078689575195, 8.098671913146973, 346.6875915527344, -2.727778673171997, 367.60125732421875
